 	Cycles per iteration
0	336
1	333
2	321
3	322
4	322
5	331
6	332
7	328
8	323
9	326
10	325
11	324
12	333
13	328
14	320
15	326
16	325
17	323
18	332
19	334
20	333
21	325
22	332
23	326
24	325
25	331
26	329
27	329
28	321
29	321
30	333
31	333
32	334
33	321
34	330
35	331
36	331
37	328
38	330
39	332
40	323
41	328
42	328
43	329
44	337
45	328
46	326
47	323
48	327
49	322
50	328
51	334
52	323
53	330
54	327
55	327
56	325
57	335
58	334
59	325
60	326
61	327
62	321
63	327
64	333
65	336
66	326
67	328
68	320
69	323
70	326
71	326
72	327
73	331
74	336
75	329
76	330
77	344
78	331
79	332
80	334
81	329
82	334
83	329
84	328
85	334
86	324
87	323
88	330
89	336
90	338
91	324
92	324
93	330
94	323
95	333
96	323
97	327
98	331
99	330