 	Cycles per iteration
0	2721
1	2719
2	2724
3	2702
4	2739
5	2729
6	2694
7	2715
8	2726
9	2720
10	2709
11	2713
12	2736
13	2723
14	2716
15	2737
16	2705
17	2725
18	2713
19	2720
20	2724
21	2702
22	2709
23	2731
24	2718
25	2707
26	2727
27	2739
28	2712
29	2716
30	2714
31	2720
32	2709
33	2733
34	2702
35	2701
36	2706
37	2719
38	2702
39	2702
40	2710
41	2714
42	2724
43	2721
44	2709
45	2716
46	2710
47	2716
48	2729
49	2721
50	2721
51	2717
52	2713
53	2709
54	2706
55	2706
56	2730
57	2728
58	2710
59	2715
60	2721
61	2718
62	2723
63	2722
64	2716
65	2735
66	2715
67	2711
68	2711
69	2727
70	2718
71	2730
72	2701
73	2710
74	2715
75	2712
76	2713
77	2722
78	2710
79	2720
80	2725
81	2722
82	2719
83	2731
84	2715
85	2704
86	2707
87	2744
88	2717
89	2698
90	2727
91	2701
92	2723
93	2728
94	2701
95	2705
96	2722
97	2729
98	2729
99	2711