 	Cycles per iteration
0	1707
1	1714
2	1701
3	1700
4	1684
5	1718
6	1708
7	1703
8	1703
9	1685
10	1708
11	1702
12	1695
13	1691
14	1691
15	1690
16	1720
17	1703
18	1713
19	1706
20	1712
21	1717
22	1726
23	1692
24	1688
25	1715
26	1708
27	1725
28	1715
29	1718
30	1718
31	1724
32	1693
33	1700
34	1700
35	1704
36	1702
37	1714
38	1716
39	1703
40	1690
41	1701
42	1706
43	1707
44	1692
45	1701
46	1708
47	1708
48	1693
49	1711
50	1725
51	1731
52	1702
53	1686
54	1707
55	1701
56	1716
57	1696
58	1694
59	1706
60	1726
61	1700
62	1710
63	1708
64	1698
65	1701
66	1698
67	1711
68	1705
69	1700
70	1711
71	1715
72	1709
73	1707
74	1707
75	1705
76	1708
77	1692
78	1713
79	1699
80	1719
81	1696
82	1702
83	1707
84	1696
85	1711
86	1711
87	1719
88	1701
89	1696
90	1711
91	1701
92	1701
93	1711
94	1728
95	1731
96	1710
97	1697
98	1690
99	1704