 	Cycles per iteration
0	662
1	654
2	636
3	663
4	649
5	653
6	640
7	647
8	636
9	633
10	654
11	650
12	651
13	659
14	652
15	650
16	642
17	655
18	654
19	671
20	643
21	665
22	646
23	665
24	649
25	667
26	656
27	642
28	652
29	642
30	648
31	639
32	661
33	653
34	647
35	642
36	646
37	668
38	647
39	644
40	645
41	651
42	666
43	641
44	650
45	665
46	649
47	643
48	659
49	628
50	646
51	647
52	651
53	650
54	659
55	632
56	658
57	657
58	632
59	648
60	637
61	651
62	646
63	663
64	652
65	639
66	641
67	646
68	632
69	656
70	653
71	638
72	643
73	653
74	651
75	657
76	646
77	651
78	642
79	657
80	659
81	648
82	653
83	642
84	651
85	630
86	652
87	650
88	641
89	645
90	656
91	645
92	652
93	654
94	647
95	641
96	641
97	648
98	648
99	645