 	Cycles per iteration
0	1465
1	1454
2	1451
3	1475
4	1452
5	1463
6	1465
7	1447
8	1460
9	1461
10	1454
11	1468
12	1441
13	1483
14	1451
15	1459
16	1450
17	1457
18	1448
19	1450
20	1462
21	1472
22	1466
23	1466
24	1459
25	1451
26	1474
27	1457
28	1459
29	1474
30	1458
31	1450
32	1472
33	1474
34	1459
35	1457
36	1462
37	1442
38	1457
39	1458
40	1463
41	1470
42	1483
43	1461
44	1467
45	1469
46	1455
47	1451
48	1462
49	1466
50	1442
51	1453
52	1464
53	1449
54	1462
55	1452
56	1452
57	1440
58	1450
59	1446
60	1468
61	1443
62	1458
63	1450
64	1456
65	1461
66	1477
67	1457
68	1452
69	1453
70	1445
71	1441
72	1456
73	1468
74	1478
75	1465
76	1463
77	1446
78	1457
79	1464
80	1460
81	1450
82	1453
83	1457
84	1451
85	1454
86	1448
87	1451
88	1461
89	1462
90	1491
91	1466
92	1444
93	1475
94	1435
95	1463
96	1468
97	1474
98	1466
99	1450